cpu  13945003 61317 658934 368043537 664559 12090 72856 0
cpu0 7854284 12565 214654 87186008 621102 11875 55552 0
cpu1 1256047 13118 148792 94329413 19359 201 6232 0
cpu2 3029041 20191 156838 92727717 16649 13 5545 0
cpu3 1805630 15441 138650 93800398 7447 0 5525 0
intr 315254289 241775585 3 0 2 2 0 0 0 1 0 0 0 3 0 11269305 0 0 0 0 0 0 0 0 0 0 0 0 0 0 0 0 0 0 0 0 0 0 0 0 0 0 0 0 0 0 0 0 0 0 0 0 0 0 0 0 0 0 0 0 0 0 0 0 0 0 0 5063705 0 0 0 0 0 0 0 24 0 0 0 0 0 0 0 54 0 0 0 0 0 0 0 55624426 0 0 0 0 0 0 0 1521179 0 0 0 0 0 0 0 0 0 0 0 0 0 0 0 0 0 0 0 0 0 0 0 0 0 0 0 0 0 0 0 0 0 0 0 0 0 0 0 0 0 0 0 0 0 0 0 0 0 0 0 0 0 0 0 0 0 0 0 0 0 0 0 0 0 0 0 0 0 0 0 0 0 0 0 0 0 0 0 0 0 0 0 0 0 0 0 0 0 0 0 0 0 0 0 0 0 0 0 0 0 0 0 0 0 0 0 0 0 0 0 0 0 0 0 0 0 0 0 0 0 0 0 0 0 0 0 0 0 0 0 0 0 0 0 0 0 0 0 0
ctxt 888173119
btime 1388076954
processes 1394957
procs_running 1
procs_blocked 0
