cpu  13945239 61318 658956 368048982 664575 12090 72857 0
cpu0 7854492 12566 214659 87187210 621118 11875 55553 0
cpu1 1256047 13118 148806 94330826 19359 201 6232 0
cpu2 3029066 20191 156839 92729122 16649 13 5546 0
cpu3 1805633 15441 138650 93801823 7447 0 5525 0
intr 315259262 241779191 3 0 2 2 0 0 0 1 0 0 0 3 0 11269449 0 0 0 0 0 0 0 0 0 0 0 0 0 0 0 0 0 0 0 0 0 0 0 0 0 0 0 0 0 0 0 0 0 0 0 0 0 0 0 0 0 0 0 0 0 0 0 0 0 0 0 5063841 0 0 0 0 0 0 0 24 0 0 0 0 0 0 0 54 0 0 0 0 0 0 0 55625492 0 0 0 0 0 0 0 1521200 0 0 0 0 0 0 0 0 0 0 0 0 0 0 0 0 0 0 0 0 0 0 0 0 0 0 0 0 0 0 0 0 0 0 0 0 0 0 0 0 0 0 0 0 0 0 0 0 0 0 0 0 0 0 0 0 0 0 0 0 0 0 0 0 0 0 0 0 0 0 0 0 0 0 0 0 0 0 0 0 0 0 0 0 0 0 0 0 0 0 0 0 0 0 0 0 0 0 0 0 0 0 0 0 0 0 0 0 0 0 0 0 0 0 0 0 0 0 0 0 0 0 0 0 0 0 0 0 0 0 0 0 0 0 0 0 0 0 0 0
ctxt 888184684
btime 1388076954
processes 1394985
procs_running 1
procs_blocked 0
