   1    0 ram0 0 0 0 0 0 0 0 0 0 0 0
   1    1 ram1 0 0 0 0 0 0 0 0 0 0 0
   1    2 ram2 0 0 0 0 0 0 0 0 0 0 0
   1    3 ram3 0 0 0 0 0 0 0 0 0 0 0
   1    4 ram4 0 0 0 0 0 0 0 0 0 0 0
   1    5 ram5 0 0 0 0 0 0 0 0 0 0 0
   1    6 ram6 0 0 0 0 0 0 0 0 0 0 0
   1    7 ram7 0 0 0 0 0 0 0 0 0 0 0
   1    8 ram8 0 0 0 0 0 0 0 0 0 0 0
   1    9 ram9 0 0 0 0 0 0 0 0 0 0 0
   1   10 ram10 0 0 0 0 0 0 0 0 0 0 0
   1   11 ram11 0 0 0 0 0 0 0 0 0 0 0
   1   12 ram12 0 0 0 0 0 0 0 0 0 0 0
   1   13 ram13 0 0 0 0 0 0 0 0 0 0 0
   1   14 ram14 0 0 0 0 0 0 0 0 0 0 0
   1   15 ram15 0 0 0 0 0 0 0 0 0 0 0
   8    0 sda 271347 1045239 13817570 1937956 18388794 27273696 391780672 466620624 0 60759920 468565392
   8    1 sda1 466 2641 19 152
   8    2 sda2 18799 549360 13103952 104831616
   8    3 sda3 1296366 13260933 32563978 260511824
   8    4 sda4 763 2836 0 0
   8   16 sdb 884161 37633 268222860 3302716 9510213 105498084 930020064 200633000 0 4413356 203935492
   8   17 sdb1 921575 268220924 115008801 920089232
   3    0 hda 0 0 0 0 0 0 0 0 0 0 0
   9    0 md0 0 0 0 0 0 0 0 0 0 0 0
 253    0 dm-0 920878 0 268219256 3596268 115017577 0 920140616 1245465548 0 4421396 1250381092
 253    1 dm-1 87 0 696 160 0 0 0 0 0 92 160
 253    2 dm-2 428 0 4056 1812 501694 0 4013552 12600476 0 1410596 12602288
 253    3 dm-3 1186545 0 9492360 3497212 1374058 0 10992464 154247876 0 429000 157745128
 253    4 dm-4 221 0 1768 1108 1511473 0 12091784 36791520 0 3776580 36792648
 253    5 dm-5 14449 0 794728 268004 3321475 0 26571800 86530488 0 8117356 86798568
 253    6 dm-6 33125 0 1266744 511580 17081748 0 136653984 323335704 0 18285484 323847484
 253    7 dm-7 30470 0 1262248 182204 130810 0 1046480 13080072 0 107572 13262288
 253    8 dm-8 21968 0 323736 328704 3011052 0 24088416 34646976 0 9232592 34975736
 253    9 dm-9 8036 0 108800 14176 5631513 0 45052104 65882236 0 16398916 65896440
 253   10 dm-10 154 0 3552 396 133 0 1064 2824 0 2520 3220
 253   11 dm-11 93 0 744 152 29 0 232 800 0 720 952
   7    0 loop0 0 0 0 0 0 0 0 0 0 0 0
   7    1 loop1 0 0 0 0 0 0 0 0 0 0 0
   7    2 loop2 0 0 0 0 0 0 0 0 0 0 0
   7    3 loop3 0 0 0 0 0 0 0 0 0 0 0
   7    4 loop4 0 0 0 0 0 0 0 0 0 0 0
   7    5 loop5 0 0 0 0 0 0 0 0 0 0 0
   7    6 loop6 0 0 0 0 0 0 0 0 0 0 0
   7    7 loop7 0 0 0 0 0 0 0 0 0 0 0
   9    1 md1 0 0 0 0 0 0 0 0 0 0 0
   9    2 md2 0 0 0 0 0 0 0 0 0 0 0
   9    3 md3 0 0 0 0 0 0 0 0 0 0 0